3429.0277000000006 [5046, 5046, 5046, 5046, 5046, 5046, 5046, 5046, 5046, 5046, 5046, 5046, 5046, 5046, 5046] [5046]
2677.832 [2947, 2947, 7933, 2947, 7933, 2947, 7933, 7933, 2947, 7933, 2947, 2947, 7933, 2947, 2947] [2947, 7933]
2414.48 [2735, 2674, 7835, 2735, 7835, 2735, 7835, 7835, 2735, 7835, 2735, 2735, 7835, 2674, 2674] [7835, 2735, 2674]
2241.898 [2138, 2286, 8238, 2138, 8238, 2138, 8238, 5442, 2138, 8238, 5442, 2138, 8238, 2286, 2286] [2286, 5442, 2138, 8238]
2135.7499 [2131, 1974, 8233, 2131, 8233, 2131, 8233, 6337, 1647, 8233, 6337, 1647, 8233, 1974, 1974] [8233, 1974, 1647, 6337, 2131]
2153.0175 [2419, 1575, 7825, 2419, 7825, 2419, 7825, 4348, 2049, 9154, 4348, 2049, 9154, 1575, 4348] [4348, 7825, 1575, 9154, 2419, 2049]
2055.7088000000003 [3131, 2276, 8127, 3131, 8127, 3131, 8127, 6141, 1646, 8443, 6141, 1646, 8443, 2276, 4282] [8127, 4282, 2276, 6141, 1646, 8443, 3131]
2085.4559 [3116, 3095, 8132, 1131, 8132, 3116, 8132, 5840, 1131, 9252, 5840, 1131, 9252, 3095, 4278] [9252, 4278, 1131, 3116, 5840, 3095, 3893, 8132]
2056.2977 [3524, 2577, 9117, 1321, 9619, 3524, 8328, 5745, 1438, 9545, 5745, 1438, 9545, 2577, 2577] [1321, 1438, 9545, 5745, 2577, 3524, 9619, 9117, 8328]
2097.0714 [1619, 2971, 8222, 1619, 9926, 2326, 8030, 6051, 1646, 9926, 6051, 1646, 6751, 2366, 2971] [6751, 6051, 1646, 8030, 8222, 9926, 2971, 2366, 1619, 2326]
2114.0908 [3325, 2776, 8630, 1029, 8630, 3325, 8630, 7341, 2740, 9755, 5348, 1029, 9970, 2776, 2776] [9970, 3325, 3063, 7341, 2776, 9755, 8630, 2740, 4944, 1029, 5348]
2097.015 [2211, 2281, 7431, 2211, 9748, 2615, 7431, 6134, 2246, 9748, 5551, 248, 9748, 2281, 5464] [2211, 2281, 5551, 2615, 5464, 2651, 6134, 2636, 9748, 2246, 7431, 248]
2055.4033 [2509, 1585, 8126, 2509, 8626, 3122, 8234, 5449, 1352, 9459, 5449, 1352, 9765, 1585, 3387] [3387, 5449, 3627, 3122, 1585, 9765, 8126, 1352, 8626, 2509, 9459, 3021, 8234]
2104.2586 [1118, 3675, 7618, 1118, 9227, 4038, 7935, 6038, 1049, 9650, 5145, 1049, 9650, 965, 3675] [5145, 3675, 6038, 9235, 965, 1049, 9227, 9650, 4562, 7329, 4038, 7935, 7618, 1118]
2126.7276 [2218, 1993, 8032, 1017, 8032, 2218, 8032, 6148, 2245, 9049, 5054, 1056, 8652, 1270, 4788] [6148, 4839, 8032, 2989, 4788, 1993, 1017, 2245, 9049, 1056, 8652, 1720, 5054, 1270, 2218]
[3429.0277000000006, 2677.832, 2414.48, 2241.898, 2135.7499, 2153.0175, 2055.7088000000003, 2085.4559, 2056.2977, 2097.0714, 2114.0908, 2097.015, 2055.4033, 2104.2586, 2126.7276]
[[5046, 5046, 5046, 5046, 5046, 5046, 5046, 5046, 5046, 5046, 5046, 5046, 5046, 5046, 5046], [2947, 2947, 7933, 2947, 7933, 2947, 7933, 7933, 2947, 7933, 2947, 2947, 7933, 2947, 2947], [2735, 2674, 7835, 2735, 7835, 2735, 7835, 7835, 2735, 7835, 2735, 2735, 7835, 2674, 2674], [2138, 2286, 8238, 2138, 8238, 2138, 8238, 5442, 2138, 8238, 5442, 2138, 8238, 2286, 2286], [2131, 1974, 8233, 2131, 8233, 2131, 8233, 6337, 1647, 8233, 6337, 1647, 8233, 1974, 1974], [2419, 1575, 7825, 2419, 7825, 2419, 7825, 4348, 2049, 9154, 4348, 2049, 9154, 1575, 4348], [3131, 2276, 8127, 3131, 8127, 3131, 8127, 6141, 1646, 8443, 6141, 1646, 8443, 2276, 4282], [3116, 3095, 8132, 1131, 8132, 3116, 8132, 5840, 1131, 9252, 5840, 1131, 9252, 3095, 4278], [3524, 2577, 9117, 1321, 9619, 3524, 8328, 5745, 1438, 9545, 5745, 1438, 9545, 2577, 2577], [1619, 2971, 8222, 1619, 9926, 2326, 8030, 6051, 1646, 9926, 6051, 1646, 6751, 2366, 2971], [3325, 2776, 8630, 1029, 8630, 3325, 8630, 7341, 2740, 9755, 5348, 1029, 9970, 2776, 2776], [2211, 2281, 7431, 2211, 9748, 2615, 7431, 6134, 2246, 9748, 5551, 248, 9748, 2281, 5464], [2509, 1585, 8126, 2509, 8626, 3122, 8234, 5449, 1352, 9459, 5449, 1352, 9765, 1585, 3387], [1118, 3675, 7618, 1118, 9227, 4038, 7935, 6038, 1049, 9650, 5145, 1049, 9650, 965, 3675], [2218, 1993, 8032, 1017, 8032, 2218, 8032, 6148, 2245, 9049, 5054, 1056, 8652, 1270, 4788]]
[[5046], [2947, 7933], [7835, 2735, 2674], [2286, 5442, 2138, 8238], [8233, 1974, 1647, 6337, 2131], [4348, 7825, 1575, 9154, 2419, 2049], [8127, 4282, 2276, 6141, 1646, 8443, 3131], [9252, 4278, 1131, 3116, 5840, 3095, 3893, 8132], [1321, 1438, 9545, 5745, 2577, 3524, 9619, 9117, 8328], [6751, 6051, 1646, 8030, 8222, 9926, 2971, 2366, 1619, 2326], [9970, 3325, 3063, 7341, 2776, 9755, 8630, 2740, 4944, 1029, 5348], [2211, 2281, 5551, 2615, 5464, 2651, 6134, 2636, 9748, 2246, 7431, 248], [3387, 5449, 3627, 3122, 1585, 9765, 8126, 1352, 8626, 2509, 9459, 3021, 8234], [5145, 3675, 6038, 9235, 965, 1049, 9227, 9650, 4562, 7329, 4038, 7935, 7618, 1118], [6148, 4839, 8032, 2989, 4788, 1993, 1017, 2245, 9049, 1056, 8652, 1720, 5054, 1270, 2218]]
